  1 0.879284 0.304048 0.364317
  2 0.622787 0.066343 0.139471
  3 0.791506 0.176697 0.209672
  4 0.612580 0.065105 0.133595
  5 0.798930 0.183104 0.218724
  6 0.910653 0.319561 0.506245
  7 0.753207 0.129249 0.195593
  8 0.848702 0.232128 0.303534
  9 0.843757 0.166349 0.416995
 10 0.905251 0.399302 0.440434
 11 0.759874 0.105414 0.305293
 12 0.706219 0.120132 0.140262
 13 0.828333 0.234224 0.243863
 14 0.731702 0.083597 0.379001
 15 0.668934 0.084708 0.158898
 16 0.590465 0.100987 0.062785
 17 0.748252 0.135726 0.174756
 18 0.623179 0.060370 0.167558
 19 0.881725 0.231408 0.450103
 20 0.598446 0.068181 0.106855
 21 0.856746 0.212289 0.357369
 22 0.816644 0.241169 0.210717
 23 0.858600 0.215292 0.356743
 24 0.778318 0.185013 0.178112
 25 0.592958 0.081403 0.088128
 26 0.573135 0.054421 0.122030
 27 0.583057 0.070846 0.095125
 28 0.695809 0.128182 0.121196
 29 0.864115 0.238519 0.350985
 30 0.712925 0.078239 0.355376
 31 0.852000 0.238552 0.309127
 32 0.815773 0.197153 0.242589
 33 0.833610 0.251391 0.248207
 34 0.716793 0.107826 0.170730
 35 0.749250 0.191291 0.123105
 36 0.459747 0.050367 0.056854
 37 0.776659 0.132949 0.239894
 38 0.794785 0.154074 0.243480
 39 0.825150 0.162946 0.329338
 40 0.788283 0.119034 0.339641
 41 0.826499 0.187349 0.279815
 42 0.763394 0.127260 0.218180
 43 0.767853 0.117801 0.250818
 44 0.809419 0.147721 0.306618
 45 0.829692 0.173650 0.306435
 46 0.803065 0.223454 0.194099
 47 0.920884 0.370691 0.530605
 48 0.821045 0.202983 0.250915
 49 0.767997 0.168275 0.175471
 50 0.844633 0.196161 0.326582
 51 0.706778 0.115199 0.146674
 52 0.297942 0.020525 0.041638
 53 0.526109 0.075079 0.060119
 54 0.292005 0.020530 0.040613
 55 0.541008 0.070616 0.070885
 56 0.799862 0.149251 0.268922
 57 0.456335 0.050744 0.056056
 58 0.642799 0.090549 0.113752
 59 0.611879 0.061663 0.182588
 60 0.811357 0.230309 0.207743
 61 0.460676 0.037339 0.108795
 62 0.395828 0.047746 0.038252
 63 0.605710 0.083636 0.086672
 64 0.428183 0.028981 0.210328
 65 0.339128 0.030270 0.043736
 66 0.273843 0.034251 0.017882
 67 0.452749 0.045852 0.052392
 68 0.304219 0.018127 0.057575
 69 0.714993 0.097197 0.197334
 70 0.278335 0.020343 0.032298
 71 0.649082 0.081061 0.145312
 72 0.610470 0.114632 0.065389
 73 0.662347 0.088842 0.135967
 74 0.500304 0.070244 0.053969
 75 0.290923 0.035632 0.022430
 76 0.258039 0.016167 0.037538
 77 0.262240 0.024283 0.025504
 78 0.401931 0.058342 0.032206
 79 0.669555 0.102010 0.123427
 80 0.398914 0.027456 0.147096
 81 0.645825 0.097640 0.107436
 82 0.558934 0.066920 0.081525
 83 0.628513 0.113563 0.079858
 84 0.395095 0.037917 0.047424
 85 0.533355 0.114107 0.032651
 86 0.178041 0.016409 0.015120
 87 0.502186 0.050998 0.079356
 88 0.525295 0.056628 0.080883
 89 0.570025 0.063788 0.106781
 90 0.517812 0.041500 0.150547
 91 0.588572 0.071349 0.096602
 92 0.464995 0.041874 0.074597
 93 0.477373 0.039607 0.086667
 94 0.547029 0.056742 0.099713
 95 0.588244 0.061700 0.107915
 96 0.589001 0.110301 0.059352
 97 0.844652 0.200522 0.325643
 98 0.588232 0.088762 0.077105
 99 0.488247 0.064994 0.053478
100 0.617383 0.068495 0.124790
101 0.527044 0.060298 0.075070
102 0.157205 0.009805 0.018740
103 0.348317 0.046235 0.027665
104 0.155330 0.009541 0.019626
105 0.345821 0.038344 0.032603
106 0.674660 0.085934 0.163875
107 0.277868 0.028650 0.025476
108 0.446715 0.047450 0.055284
109 0.422217 0.034945 0.098474
110 0.706271 0.149635 0.111126
111 0.282174 0.019625 0.055386
112 0.230905 0.025581 0.017924
113 0.426094 0.040919 0.044810
114 0.256169 0.015282 0.127271
115 0.190298 0.016491 0.019764
116 0.145386 0.017320 0.008277
117 0.284258 0.021742 0.026289
118 0.164146 0.008514 0.028282
119 0.539098 0.053089 0.100823
120 0.145509 0.009439 0.014789
121 0.463150 0.046412 0.072772
122 0.430113 0.068660 0.031394
123 0.487640 0.052061 0.067805
124 0.320435 0.038996 0.026479
125 0.164456 0.020845 0.010061
126 0.135396 0.007520 0.017871
127 0.139007 0.012176 0.011867
128 0.251695 0.037301 0.014639
129 0.496469 0.059141 0.062476
130 0.229809 0.014035 0.074058
131 0.467929 0.061564 0.048815
132 0.364406 0.034313 0.038669
133 0.454397 0.070923 0.038041
134 0.228337 0.020036 0.021788
135 0.410581 0.093904 0.014535
136 0.088601 0.007942 0.006846
137 0.314363 0.028304 0.036130
138 0.334611 0.030213 0.038514
139 0.381395 0.037318 0.050517
140 0.331670 0.021300 0.091677
141 0.394996 0.036656 0.047624
142 0.284952 0.021297 0.037048
143 0.293371 0.019480 0.043422
144 0.357757 0.032859 0.045243
145 0.407276 0.031713 0.055454
146 0.430818 0.076631 0.027858
147 0.753424 0.129276 0.197041
148 0.413117 0.056268 0.035984
149 0.303849 0.033433 0.026272
150 0.434213 0.036181 0.064337
